1350.7884521484375,60.83370590209961,4260.1015625,-0.1021423414349556,-0.6353099942207336,100.00306701660156
1349.7813720703125,60.8433952331543,4260.275390625,-0.014739984646439552,-0.5716253519058228,99.99232482910156
1348.7398681640625,60.83320617675781,4260.4580078125,-0.01486206240952015,-0.4902299642562866,99.98446655273438
1347.720703125,60.82293701171875,4260.6416015625,-0.0181579552590847,-0.4957009553909302,99.981201171875
1346.7093505859375,60.812469482421875,4260.8203125,-0.02191162295639515,-0.5765976905822754,99.98176574707031
1345.6865234375,60.800537109375,4260.9970703125,-0.027404779568314552,-0.7477144002914429,99.98085021972656
1344.679931640625,60.78623962402344,4261.1748046875,-0.03143310546875,-0.9008814096450806,99.977783203125
1343.638671875,60.758113861083984,4261.35791015625,-1.0423887968063354,-1.5003329515457153,99.96865844726562
1342.582275390625,60.73572540283203,4261.5498046875,-0.5605773329734802,-1.7135236263275146,100.19441223144531
1341.5977783203125,60.69332504272461,4261.7275390625,-1.1137386560440063,-2.65228533744812,100.24041748046875
1340.6116943359375,60.67149353027344,4261.90966796875,-1.828338861465454,-1.7236937284469604,100.30616760253906
1339.5877685546875,60.65156555175781,4262.1044921875,-0.94647216796875,-1.3374943733215332,100.20132446289062
1338.5809326171875,60.60728454589844,4262.2861328125,-0.9585874080657959,-0.43203675746917725,100.18690490722656
1337.53515625,60.58931350708008,4262.47412109375,-0.9345702528953552,-1.384062647819519,100.09463500976562
1336.546875,60.57171630859375,4262.65283203125,0.6532874703407288,-1.6773988008499146,100.03048706054688
1335.407958984375,60.5543098449707,4262.8525390625,1.4244439601898193,-1.4745148420333862,99.90863037109375
1334.3487548828125,60.52872085571289,4263.0361328125,1.5731019973754883,-0.6038843393325806,99.77345275878906
1333.3565673828125,60.449031829833984,4263.20361328125,2.218266248703003,-2.890624761581421,99.80360412597656
1334.3570556640625,60.52883529663086,4262.869140625,1.4129387140274048,-0.5084802508354187,102.45783996582031
1335.56591796875,60.55719757080078,4262.6005859375,1.409254550933838,-1.7647022008895874,102.35569763183594
1336.68212890625,60.57600402832031,4262.3544921875,0.46842139959335327,-1.9241256713867188,102.29460144042969
1337.8175048828125,60.60209655761719,4262.1083984375,-1.0407408475875854,-1.3915622234344482,102.26307678222656
1338.8355712890625,60.62342071533203,4261.890625,-0.9814450740814209,-0.5664002299308777,102.141845703125
1339.909912109375,60.67327117919922,4261.6611328125,-0.459136962890625,-1.7500309944152832,102.08932495117188
1341.2684326171875,60.70219039916992,4261.3720703125,-1.07098388671875,-2.268155336380005,102.06271362304688
1342.2674560546875,60.71686553955078,4261.1640625,-0.2766723334789276,-2.2847254276275635,102.05381774902344
1343.3856201171875,60.768314361572266,4260.9228515625,0.05404788255691528,-1.0382637977600098,102.05490112304688
1344.4068603515625,60.78470230102539,4260.7041015625,0.009614071808755398,-0.8487533926963806,102.055419921875
1345.390869140625,60.79807662963867,4260.494140625,0.001984656322747469,-0.7711146473884583,102.05888366699219
1344.3828125,60.784271240234375,4260.45263671875,-0.1482848823070526,-0.9039003252983093,93.82107543945312
1343.35791015625,60.76856231689453,4260.076171875,-0.48608383536338806,-0.9975559115409851,79.96156311035156
1342.5345458984375,60.756103515625,4259.4384765625,-0.8642578721046448,-0.9254496097564697,64.39726257324219
1341.8985595703125,60.74067306518555,4258.59912109375,-0.4703978896141052,-1.0552300214767456,48.83705139160156
1341.1768798828125,60.722816467285156,4257.8564453125,-0.789154052734375,-1.1962870359420776,45.29597473144531
1340.35546875,60.69758605957031,4257.07373046875,-0.2903136909008026,-1.7468822002410889,45.313568115234375
1339.610595703125,60.672264099121094,4256.34130859375,-0.1459350734949112,-1.5160218477249146,45.04083251953125
1338.806884765625,60.642913818359375,4255.54248046875,0.20631618797779083,-0.7514915466308594,44.94288635253906
1338.052978515625,60.62794876098633,4254.787109375,0.5294750332832336,-0.10287630558013916,44.92445373535156
1337.2305908203125,60.6226921081543,4253.9599609375,0.08637184649705887,0.20047970116138458,44.95794677734375
1336.033935546875,60.626155853271484,4252.76416015625,-0.1283569037914276,0.222985178232193,44.97611999511719
1335.235107421875,60.6298828125,4251.94189453125,-0.1619262397289276,0.19734464585781097,44.21234130859375
1334.1304931640625,60.63417434692383,4250.6748046875,-0.20373529195785522,0.19308944046497345,41.006500244140625
1333.2781982421875,60.63752746582031,4249.59228515625,-0.2160949558019638,0.19461940228939056,38.288177490234375
1332.4193115234375,60.64116668701172,4248.39013671875,-0.2286987602710724,0.19701679050922394,35.392730712890625
1331.5836181640625,60.6451301574707,4247.05419921875,-0.3162841796875,0.19908633828163147,31.47582244873047
1331.076171875,60.64785385131836,4246.078125,-0.36648547649383545,0.19362902641296387,27.559844970703125
1330.6201171875,60.64974594116211,4245.03369140625,-0.389923095703125,0.14008717238903046,23.31793975830078
1330.22607421875,60.651039123535156,4243.9248046875,-0.4275206923484802,0.06386909633874893,18.897842407226562
1329.774169921875,60.65155792236328,4242.1484375,-0.47210702300071716,0.00777958519756794,12.00103759765625
1329.580078125,60.650760650634766,4240.89697265625,-0.5068054795265198,0.01133811380714178,7.2593994140625
1329.4893798828125,60.64999771118164,4239.603515625,-0.5421141982078552,0.013537433929741383,2.1582183837890625
1329.4302978515625,60.6484489440918,4236.88720703125,-0.275848388671875,0.012137245386838913,-0.6574935913085938
1329.43603515625,60.64630126953125,4235.46826171875,-0.2068176418542862,-0.05740773677825928,-0.8124008178710938
1329.4515380859375,60.64354705810547,4234.00830078125,-0.15457148849964142,-0.12875588238239288,-0.8545913696289062
1329.4715576171875,60.63906478881836,4232.5087890625,-0.11596677452325821,-0.13482792675495148,-0.8673477172851562
1329.493896484375,60.634056091308594,4230.96875,-0.0856017991900444,-0.12966430187225342,-0.8712310791015625
1329.529296875,60.62653350830078,4228.5849609375,-0.0598144493997097,-0.1253681182861328,-0.8725509643554688
1329.5543212890625,60.62086868286133,4226.94677734375,-0.060241710394620895,-0.15557804703712463,-0.8725128173828125
1329.579345703125,60.6146354675293,4225.27294921875,-0.05810545012354851,-0.2024536281824112,-0.87213134765625
1329.6043701171875,60.607566833496094,4223.5947265625,-0.0589904747903347,-0.23022517561912537,-0.87200927734375
1329.641845703125,60.59684753417969,4221.13525390625,-0.05615234375,-0.26669156551361084,-0.8721389770507812
1329.6773681640625,60.58665466308594,4218.77734375,-0.0549011267721653,-0.28988686203956604,-0.8723907470703125
1329.71142578125,60.57695770263672,4216.529296875,-0.054229736328125,-0.30068540573120117,-0.8726882934570312
1329.7332763671875,60.57075500488281,4215.09130859375,-0.054107654839754105,-0.3036770224571228,-0.8728561401367188
1329.7393798828125,60.5716667175293,4213.05322265625,-0.8229979276657104,0.1981574445962906,0.05722808837890625
1329.6649169921875,60.58100509643555,4211.85009765625,-2.007293939590454,0.7418677806854248,2.4705657958984375
1329.5777587890625,60.591854095458984,4210.7119140625,-3.6380321979522705,1.348197340965271,4.1453857421875
1329.424560546875,60.5988655090332,4209.087890625,-5.088380336761475,1.8886154890060425,5.717948913574219
1329.30810546875,60.602195739746094,4208.056640625,-5.726993560791016,1.8866074085235596,6.456199645996094
1328.5379638671875,60.54131317138672,4207.3720703125,-0.03057861141860485,-0.04080354794859886,-4.6251983642578125
1328.2183837890625,60.53987121582031,4206.34423828125,0.0771423801779747,0.000300528306979686,8.088958740234375
1327.609619140625,60.53949737548828,4205.38232421875,0.13208292424678802,0.022061510011553764,22.665115356445312
1327.0029296875,60.53953170776367,4204.51904296875,-0.1094360202550888,0.01556600071489811,28.596885681152344
1326.4761962890625,60.5399055480957,4203.55224609375,-0.016326904296875,0.003408264135941863,28.596908569335938
1325.9884033203125,60.54018020629883,4202.61572265625,-0.0322876013815403,0.0008810943691059947,27.78185272216797
1325.5435791015625,60.54042434692383,4201.619140625,0.012616176158189774,0.006078868173062801,25.732574462890625
1325.083984375,60.540672302246094,4200.666015625,-0.004180907737463713,0.0070555848069489,25.72716522216797
1324.6417236328125,60.54091262817383,4199.72412109375,-0.01684570126235485,0.009432490915060043,25.30034637451172
1324.2901611328125,60.5411262512207,4198.7666015625,0.007124961819499731,0.016836415976285934,22.613670349121094
1323.89697265625,60.54133224487305,4197.765625,-0.01760864444077015,0.02604351006448269,21.773887634277344
1323.5853271484375,60.54155731201172,4196.76416015625,-0.0432128831744194,0.03137105703353882,19.1312255859375
1323.3740234375,60.54180908203125,4195.73486328125,-0.01171875186264515,0.035025209188461304,14.919570922851562
1323.078857421875,60.54207229614258,4194.6123046875,0.010243549011647701,0.0402093231678009,14.849380493164062
1322.7679443359375,60.54234313964844,4193.439453125,-0.0006408673361875117,0.04370637983083725,14.849739074707031
1322.465087890625,60.54269790649414,4192.29736328125,-0.002441404853016138,0.0465204156935215,14.849723815917969
1322.2120361328125,60.543270111083984,4191.29736328125,-0.050140365958213806,0.03161011263728142,14.288597106933594
1322.00341796875,60.54341506958008,4190.2373046875,-0.071441650390625,0.037559207528829575,12.111892700195312
1321.779052734375,60.54366683959961,4188.73291015625,-0.0790099948644638,0.05392434075474739,9.005744934082031
1321.6710205078125,60.54389190673828,4187.70947265625,-0.0879821851849556,0.05988026410341263,6.922523498535156
1321.6258544921875,60.54416275024414,4186.59326171875,-0.1840820163488388,0.06195664405822754,3.3368759155273438
1321.673828125,60.5444450378418,4185.3857421875,-0.2232055366039276,0.06363003700971603,-1.3358917236328125
1321.79736328125,60.54475784301758,4184.08447265625,-0.1149902194738388,0.06714758276939392,-4.808197021484375
1321.9219970703125,60.54512405395508,4182.68359375,-0.031524658203125,0.06578154861927032,-5.1738433837890625
1322.052001953125,60.545658111572266,4181.24853515625,-0.013366696424782276,0.037087924778461456,-5.203620910644531
1322.2607421875,60.546478271484375,4178.95654296875,-0.0026855466421693563,-0.004699169658124447,-5.206855773925781
1322.3780517578125,60.5468635559082,4177.666015625,-0.0005798340425826609,-0.014801018871366978,-5.206977844238281
1322.4896240234375,60.54719924926758,4176.44091796875,0.000259762309724465,-0.019261132925748825,-5.20703125
1322.5953369140625,60.547508239746094,4175.28076171875,0.00036018408718518913,-0.02023785002529621,-5.20703125
1322.6953125,60.54779815673828,4174.1826171875,0.0006069530500099063,-0.020176377147436142,-5.207061767578125
1322.7899169921875,60.54804611206055,4173.14404296875,0.0004925273824483156,-0.019199660047888756,-5.207130432128906
1322.9078369140625,60.54836654663086,4171.8505859375,0.0004754318797495216,-0.01791558600962162,-5.207283020019531
1323.016845703125,60.54866409301758,4170.65576171875,0.00034190050791949034,-0.016542717814445496,-5.20733642578125
1323.116943359375,60.5489501953125,4169.5546875,0.00029775939765386283,-0.015074227005243301,-5.20733642578125
1323.2327880859375,60.54893112182617,4168.54345703125,-0.0608520470559597,-0.010955622419714928,-6.212089538574219
1323.439697265625,60.5491943359375,4167.36669921875,-0.053100574761629105,-0.005559773650020361,-8.688774108886719
1323.61767578125,60.54953384399414,4166.28125,0.015286581590771675,-0.004794792737811804,-8.959487915039062
1323.80419921875,60.54987716674805,4165.09814453125,0.004772912245243788,-0.0019875848665833473,-8.959426879882812
1323.99853515625,60.55069351196289,4163.8662109375,0.0022138359490782022,0.02068181149661541,-8.959999084472656
1324.17138671875,60.55178451538086,4162.77099609375,0.0037972568534314632,0.060119323432445526,-8.95953369140625
1324.3292236328125,60.553470611572266,4161.76904296875,0.004052413627505302,0.1070563793182373,-8.960350036621094
1324.5,60.555965423583984,4160.68359375,0.003944437485188246,0.16622629761695862,-8.960456848144531
1324.669677734375,60.55980682373047,4159.60302734375,0.004388910718262196,0.2265641987323761,-8.960395812988281
1324.8717041015625,60.56522750854492,4158.322265625,0.004220422822982073,0.3046264350414276,-8.959724426269531
1325.047119140625,60.57134246826172,4157.2294921875,-0.015045175328850746,0.3518366813659668,-9.109809875488281
1325.2489013671875,60.57917404174805,4156.01171875,0.004106806591153145,0.4295232594013214,-9.248725891113281
1325.440185546875,60.58808135986328,4154.83740234375,-0.000976590788923204,0.4768359661102295,-9.248550415039062
1325.617431640625,60.597347259521484,4153.74755859375,-0.0055542089976370335,0.5455408096313477,-9.248489379882812
1325.813720703125,60.60904312133789,4152.54443359375,-0.008697515353560448,0.5956743955612183,-9.248336791992188
1326.017822265625,60.619300842285156,4151.5439453125,-0.0610046312212944,0.6166635751724243,-10.868789672851562
1326.231689453125,60.6302604675293,4150.51318359375,0.00911262258887291,0.6369492411613464,-11.329238891601562
1326.4560546875,60.64252471923828,4149.39404296875,0.00363136432133615,0.6566680073738098,-11.336662292480469
1326.70556640625,60.656761169433594,4148.15087890625,-0.003967261873185635,0.6844122409820557,-11.320091247558594
1326.978515625,60.673240661621094,4146.78662109375,-0.009918243624269962,0.7438622117042542,-11.318809509277344
1327.2015380859375,60.68764877319336,4145.673828125,-0.015045173466205597,0.8076834678649902,-11.318244934082031
1327.4453125,60.70429992675781,4144.478515625,-0.0495605431497097,0.8753160238265991,-11.535568237304688
1327.740478515625,60.723670959472656,4143.203125,-0.04464719071984291,0.9477843046188354,-12.764732360839844
1328.053466796875,60.74620819091797,4141.833984375,-0.03021240048110485,1.0237154960632324,-12.886428833007812
1328.388427734375,60.77239990234375,4140.369140625,-0.03439326211810112,1.1059646606445312,-12.894447326660156
1328.6241455078125,60.79204559326172,4139.3388671875,-0.03802487626671791,1.1625118255615234,-12.894279479980469
1328.869873046875,60.81359100341797,4138.26513671875,-0.05319216847419739,1.2195165157318115,-12.893791198730469
1329.125,60.83708953857422,4137.1494140625,-0.058776844292879105,1.2717469930648804,-12.893058776855469
1329.388671875,60.8621826171875,4135.99755859375,-0.06588747352361679,1.307987928390503,-12.892265319824219
1329.654052734375,60.88810729980469,4134.8388671875,-0.0831298902630806,1.2953931093215942,-12.891746520996094
1329.91455078125,60.914031982421875,4133.69970703125,-0.08963006734848022,1.2635780572891235,-12.891197204589844
1330.295654296875,60.95134735107422,4132.05322265625,-0.13259881734848022,1.2311415672302246,-13.124862670898438
1330.5504150390625,60.97507858276367,4131.00390625,-0.1243896409869194,1.2218388319015503,-13.606117248535156
1330.7960205078125,60.9979133605957,4129.98974609375,-0.1161193996667862,1.211593508720398,-13.708572387695312
1331.0343017578125,61.01988220214844,4129.01123046875,-0.12054447084665298,1.2096264362335205,-13.729949951171875
1331.376953125,61.050838470458984,4127.6083984375,-0.11489870399236679,1.1794984340667725,-13.734947204589844
1331.7020263671875,61.07892990112305,4126.2802734375,-0.1147766262292862,1.108177661895752,-13.735588073730469
1332.009521484375,61.103694915771484,4125.0244140625,-0.11157221347093582,1.0076918601989746,-13.736106872558594
1332.2991943359375,61.12496566772461,4123.8369140625,-0.10787970572710037,0.8840245008468628,-13.737007141113281
1332.5736083984375,61.1427001953125,4122.71435546875,-0.0970459133386612,0.7928073406219482,-13.737693786621094
1332.85986328125,61.15763473510742,4121.66455078125,-0.1560363918542862,0.6951698064804077,-15.029029846191406
1333.1710205078125,61.1704216003418,4120.68896484375,-0.1444091498851776,0.630282998085022,-17.06078338623047
1333.60888671875,61.1854133605957,4119.49560546875,-0.10925296694040298,0.6087064146995544,-19.67693328857422
1334.04931640625,61.19916534423828,4118.41357421875,-0.03332517296075821,0.6343674659729004,-21.45252227783203
1334.443603515625,61.21295166015625,4117.41748046875,-0.016845686361193657,0.7456926703453064,-21.540733337402344
1334.897216796875,61.22977066040039,4116.2685546875,-0.02590947225689888,0.8511508107185364,-21.54143524169922
1335.3155517578125,61.24763488769531,4115.20751953125,-0.03198238089680672,0.926842987537384,-21.540069580078125
1335.6961669921875,61.2649040222168,4114.2431640625,-0.036224380135536194,0.9625033736228943,-21.54241180419922
1336.11767578125,61.28390121459961,4113.20654296875,-0.07037345319986343,0.9812864065170288,-22.043601989746094
1336.5145263671875,61.300804138183594,4112.2841796875,-0.00906373281031847,0.9600786566734314,-22.60326385498047
1336.92626953125,61.31867599487305,4111.294921875,-0.013702348805963993,0.9329696297645569,-22.59752655029297
1337.3133544921875,61.334251403808594,4110.3642578125,-0.010803180746734142,0.8576804399490356,-22.604759216308594
1337.7479248046875,61.35063934326172,4109.32080078125,-0.006042445544153452,0.7960311770439148,-22.60552215576172
1338.139404296875,61.36417007446289,4108.38037109375,-0.0028686546720564365,0.7022048830986023,-22.599502563476562
1338.5587158203125,61.376708984375,4107.37353515625,0.0008163107559084892,0.6330423951148987,-22.605628967285156
1338.95166015625,61.387367248535156,4106.4296875,0.0033577524591237307,0.5494886636734009,-22.605361938476562
1339.3868408203125,61.3975830078125,4105.384765625,0.005186470225453377,0.4805106222629547,-22.604713439941406
1339.7886962890625,61.40601348876953,4104.419921875,0.007623020093888044,0.43793120980262756,-22.603012084960938
1340.232421875,61.41462707519531,4103.3544921875,0.009372535161674023,0.4172425866127014,-22.603561401367188
1340.7945556640625,61.42483901977539,4102.00390625,0.01271301880478859,0.3954269587993622,-22.603736877441406
1341.3114013671875,61.43416213989258,4100.76318359375,0.013651526533067226,0.3796355426311493,-22.602523803710938
1341.7015380859375,61.441200256347656,4099.82666015625,0.01627751998603344,0.3774089217185974,-22.60602569580078
1342.125,61.448734283447266,4098.80908203125,0.01808531954884529,0.3785358965396881,-22.60680389404297
1342.5107421875,61.45562744140625,4097.8828125,0.019673900678753853,0.3812064826488495,-22.607376098632812
1342.927978515625,61.46308517456055,4096.8818359375,0.023205695673823357,0.3864794075489044,-22.601600646972656
1343.325439453125,61.47012710571289,4095.925537109375,0.022856533527374268,0.3914244472980499,-22.608192443847656
1343.7205810546875,61.47716522216797,4094.978271484375,0.02717961184680462,0.3958982229232788,-22.602035522460938
1344.12841796875,61.4844856262207,4093.998291015625,0.027982620522379875,0.400406152009964,-22.608360290527344
1344.56494140625,61.492244720458984,4092.9501953125,0.030602680519223213,0.40528973937034607,-22.60308074951172
1344.9732666015625,61.4995002746582,4091.969970703125,0.03227785974740982,0.4072500169277191,-22.603851318359375
1345.4237060546875,61.50753402709961,4090.888916015625,0.03298618271946907,0.4083086848258972,-22.60485076904297
1345.837890625,61.5149040222168,4089.89404296875,0.03728516772389412,0.41164180636405945,-22.606224060058594
1346.29345703125,61.52296829223633,4088.80029296875,0.03686634078621864,0.4148998260498047,-22.606201171875
1346.6727294921875,61.5302734375,4087.860107421875,0.08140797913074493,0.40437451004981995,-22.069305419921875
1347.0452880859375,61.53722381591797,4086.905029296875,0.034190818667411804,0.40390321612358093,-21.670127868652344
1347.44970703125,61.54453659057617,4085.885498046875,0.03449317812919617,0.4125502407550812,-21.6663818359375
1347.892822265625,61.55249786376953,4084.7705078125,0.037179287523031235,0.4129942059516907,-21.66631317138672
1348.381103515625,61.561180114746094,4083.54150390625,0.04089653491973877,0.4090941548347473,-21.666648864746094
1348.7796630859375,61.56809616088867,4082.5380859375,0.04035637900233269,0.4046272039413452,-21.66547393798828
1349.3026123046875,61.57786560058594,4081.063720703125,0.1331123560667038,0.3960075080394745,-19.4322509765625
1349.6724853515625,61.58557891845703,4079.84423828125,0.10558206588029861,0.3901062309741974,-17.215896606445312
1350.0699462890625,61.5936279296875,4078.53369140625,0.0365818552672863,0.3825725317001343,-16.847503662109375
1350.49560546875,61.60197448730469,4077.1279296875,0.027178170159459114,0.37422603368759155,-16.820556640625
1350.794921875,61.607669830322266,4076.1376953125,0.023117555305361748,0.3673616945743561,-16.81878662109375
1351.107421875,61.61349868774414,4075.103759765625,0.022989695891737938,0.36034709215164185,-16.818496704101562
1351.4332275390625,61.61943817138672,4074.02685546875,0.022850539535284042,0.35399502515792847,-16.818443298339844
1351.7713623046875,61.62479019165039,4072.907958984375,0.011136334389448166,0.31188690662384033,-16.818397521972656
1352.12158203125,61.62860870361328,4071.749267578125,0.01069458294659853,0.20447535812854767,-16.81805419921875
1352.4837646484375,61.63177490234375,4070.551513671875,-0.005493171513080597,0.0787179246544838,-16.817543029785156
1353.049072265625,61.62802505493164,4068.68115234375,-0.01812744326889515,-0.17998912930488586,-16.816307067871094
1353.4407958984375,61.62222671508789,4067.385498046875,-0.04824831336736679,-0.35366716980934143,-16.81542205810547
1353.843994140625,61.61071014404297,4066.05126953125,-0.0545654222369194,-0.4850116968154907,-16.814537048339844
1354.2591552734375,61.59746551513672,4064.677734375,-0.0696411207318306,-0.5796849727630615,-16.813629150390625
1354.6859130859375,61.58138656616211,4063.2646484375,-0.07968135923147202,-0.5730323195457458,-16.813034057617188
1355.1241455078125,61.564735412597656,4061.81298828125,-0.0839843899011612,-0.5618581771850586,-16.812583923339844
1355.5743408203125,61.54800033569336,4060.322998046875,-0.0881958082318306,-0.5563598871231079,-16.812217712402344
1356.0306396484375,61.53117370605469,4058.793701171875,-0.0526428148150444,-0.5483070611953735,-16.537765502929688
1356.4588623046875,61.51409912109375,4057.21875,0.0728987455368042,-0.543853759765625,-14.682151794433594
1356.8446044921875,61.496826171875,4055.594482421875,0.18066874146461487,-0.5439425706863403,-12.035064697265625
1357.172607421875,61.47919845581055,4053.92138671875,0.27943482995033264,-0.544953465461731,-9.081001281738281
1357.429931640625,61.46120071411133,4052.2001953125,0.3722819983959198,-0.5445231199264526,-5.981475830078125
1357.6610107421875,61.43349075317383,4049.5361328125,0.4919935464859009,-0.5479109287261963,-1.1771240234375
1357.676513671875,61.4056396484375,4046.828857421875,0.6043851971626282,-0.566618800163269,4.023353576660156
1357.59619140625,61.38761901855469,4045.060546875,0.5269606709480286,-0.5907293558120728,5.825660705566406
1357.4664306640625,61.37006759643555,4043.34033203125,0.4596290588378906,-0.6123673915863037,6.533607482910156
1357.218505859375,61.34469985961914,4040.860595703125,0.34505128860473633,-0.6374546885490417,6.8746337890625
1357.0390625,61.32831954956055,4039.274658203125,0.274055153131485,-0.646388590335846,6.941596984863281
1356.767822265625,61.30467224121094,4036.99169921875,0.19153107702732086,-0.6518868803977966,6.974433898925781
1356.5909423828125,61.28948211669922,4035.531494140625,0.15580640733242035,-0.6513950824737549,6.9810791015625
1356.418701171875,61.2747802734375,4034.118896484375,0.12948919832706451,-0.6536558866500854,6.983711242675781
1356.2515869140625,61.26050567626953,4032.751708984375,0.10986138135194778,-0.6560669541358948,6.984779357910156
1356.08984375,61.24666976928711,4031.42919921875,0.10063337534666061,-0.6548101902008057,6.985328674316406
1355.933349609375,61.23319625854492,4030.14990234375,0.08829907327890396,-0.6537788510322571,6.9857177734375
1355.7818603515625,61.220218658447266,4028.912353515625,0.08360016345977783,-0.6528909206390381,6.9859619140625
1355.63525390625,61.20760726928711,4027.71533203125,0.08029316365718842,-0.6523991227149963,6.986175537109375
1355.493408203125,61.19540023803711,4026.55712890625,0.07359261810779572,-0.6513063311576843,6.985748291015625
1355.3560791015625,61.183597564697266,4025.4365234375,0.07394478470087051,-0.6504184007644653,6.981391906738281
1355.2232666015625,61.1721076965332,4024.3515625,0.06850679963827133,-0.6489840745925903,6.978675842285156
1355.0946044921875,61.16102981567383,4023.30126953125,0.06475557386875153,-0.6477341055870056,6.978240966796875
1354.90966796875,61.144989013671875,4021.7890625,0.06342460215091705,-0.6470305919647217,6.995399475097656
1354.7335205078125,61.12978744506836,4020.349853515625,0.05674180015921593,-0.645630419254303,6.976844787597656
1354.566162109375,61.11528015136719,4018.981201171875,0.05285217985510826,-0.6423997282981873,6.997581481933594
1354.4068603515625,61.10145950317383,4017.681396484375,0.049115657806396484,-0.6436155438423157,6.976112365722656
1354.2557373046875,61.088401794433594,4016.44677734375,0.04341854900121689,-0.6436769962310791,6.999824523925781
1354.112060546875,61.07589340209961,4015.275146484375,0.041681479662656784,-0.6429393291473389,6.975578308105469
1353.97607421875,61.06403350830078,4014.164306640625,0.04080583155155182,-0.6432740092277527,7.0018310546875
1353.8470458984375,61.05280685424805,4013.11181640625,0.03723832219839096,-0.6427276134490967,6.975006103515625
1353.725341796875,61.042171478271484,4012.115966796875,0.034152571111917496,-0.6401048302650452,7.00360107421875
1353.536376953125,61.02568054199219,4010.575927734375,0.033515896648168564,-0.6384587287902832,6.975715637207031
1353.3978271484375,61.013671875,4009.44580078125,0.025999173521995544,-0.6368058323860168,6.976509094238281
1353.2696533203125,61.0025749206543,4008.402099609375,0.02554435096681118,-0.6316148638725281,6.976829528808594
1353.1343994140625,60.98931121826172,4007.18310546875,-0.0336608812212944,-0.6205158233642578,6.353851318359375
1353.081787109375,60.97748565673828,4006.045654296875,-0.0604858361184597,-0.6197508573532104,3.9929351806640625
1353.050537109375,60.96654510498047,4004.9970703125,-0.0032653671223670244,-0.618405282497406,2.8475418090820312
1352.993408203125,60.95450973510742,4003.848388671875,-0.015869101509451866,-0.6166021227836609,2.8466873168945312
1352.9337158203125,60.94187927246094,4002.642822265625,-0.020385686308145523,-0.6152019500732422,2.8461227416992188
1352.8726806640625,60.92899703979492,4001.414794921875,-0.021087646484375,-0.6109262108802795,2.8460311889648438
1352.81640625,60.9171257019043,4000.283935546875,-0.02105712890625,-0.6057147979736328,2.8460311889648438
1352.7601318359375,60.905574798583984,3999.18408203125,-0.02102658525109291,-0.6008926630020142,2.8460006713867188
1352.7037353515625,60.893821716308594,3998.059326171875,-0.01828003115952015,-0.5932565331459045,2.846099853515625
1352.6513671875,60.884490966796875,3997.0068359375,-0.0169982872903347,-0.5183088779449463,2.8464889526367188
1352.58544921875,60.8726692199707,3995.677490234375,-0.0172424353659153,-0.4261149764060974,2.8461532592773438
1352.530029296875,60.86357116699219,3994.55810546875,-0.013854988850653172,-0.3840341866016388,2.846099853515625
1352.4783935546875,60.856414794921875,3993.52490234375,-0.014190692454576492,-0.3854343891143799,2.845703125
1352.421630859375,60.84912872314453,3992.387939453125,-0.00634765625,-0.3466798961162567,2.8459320068359375
1352.3599853515625,60.844886779785156,3991.137451171875,-0.006072993390262127,-0.17447033524513245,2.843017578125
1352.3096923828125,60.840980529785156,3990.111083984375,-0.006103516090661287,-0.048125509172677994,2.8514404296875
1352.2557373046875,60.83881759643555,3989.031982421875,-0.0006103514460846782,0.019479697570204735,2.8514328002929688
1352.181640625,60.83882141113281,3987.546142578125,-0.0005798332276754081,0.019308943301439285,2.8523178100585938
1352.08544921875,60.841644287109375,3986.227783203125,0.08332861959934235,0.16291366517543793,4.179573059082031
1351.956787109375,60.84626007080078,3984.780029296875,0.0044191027991473675,0.36763492226600647,4.837646484375
1351.856689453125,60.85179138183594,3983.600341796875,0.00019746778707485646,0.4454239308834076,4.8507843017578125
1351.7491455078125,60.86060333251953,3982.3349609375,-0.00021360963000915945,0.4346117377281189,4.851806640625
1351.6336669921875,60.872161865234375,3980.97607421875,-2.6681636455805346e-08,0.5455886721611023,4.851959228515625
1351.5101318359375,60.88691711425781,3979.5205078125,-3.049835140700452e-05,0.7518398761749268,4.85205078125
1351.423095703125,60.8980712890625,3978.4951171875,-0.00015262889792211354,0.8520455360412598,4.852119445800781
1351.33251953125,60.9125862121582,3977.426513671875,6.283925904426724e-05,0.8467316627502441,4.852165222167969
1351.2379150390625,60.92818832397461,3976.31298828125,-0.00021362677216529846,0.8459256887435913,4.852226257324219
1351.1397705078125,60.94563674926758,3975.156494140625,4.456197711988352e-05,0.9138792753219604,4.852294921875
1350.9859619140625,60.97350311279297,3973.343994140625,-9.152855636784807e-05,1.0270555019378662,4.852386474609375
1350.879150390625,60.99461364746094,3972.086181640625,0.00024715394829399884,1.0290840864181519,4.852409362792969
1350.76904296875,61.01676559448242,3970.789306640625,6.126798689365387e-05,1.0210107564926147,4.852485656738281
1350.6556396484375,61.0394401550293,3969.453369140625,-9.152824350167066e-05,1.0156217813491821,4.8525390625
1350.4793701171875,61.07445526123047,3967.37744140625,-0.00018305623962078243,1.0116397142410278,4.852630615234375
1350.3577880859375,61.09857177734375,3965.9453125,0.0019884288776665926,1.0124866962432861,4.852691650390625
1350.23291015625,61.123226165771484,3964.474853515625,0.0003750250325538218,1.0106289386749268,4.8526611328125
1350.10546875,61.15052032470703,3962.966064453125,-0.06890869140625,1.1125216484069824,4.853248596191406
1349.9749755859375,61.17961120605469,3961.419677734375,-0.381317138671875,1.2221734523773193,4.858085632324219
1349.77197265625,61.21305847167969,3959.03466796875,-0.6604308485984802,0.4298989176750183,4.8735198974609375
1349.558349609375,61.22526550292969,3956.560302734375,-0.6971435546875,0.04654773697257042,4.870735168457031
1349.411865234375,61.225067138671875,3954.86083984375,-0.6787413954734802,0.07692841440439224,4.868614196777344
1349.2618408203125,61.23371887207031,3953.1201171875,-0.6735227704048157,0.5528150200843811,4.8747100830078125
1349.0303955078125,61.304779052734375,3950.435302734375,-0.29498279094696045,2.8929264545440674,4.869728088378906
1348.7962646484375,61.405540466308594,3947.7021484375,0.044894780963659286,1.078083872795105,4.855804443359375
1348.6373291015625,61.443119049072266,3945.826171875,0.030496619641780853,0.9325598478317261,4.857292175292969
1348.4749755859375,61.472991943359375,3943.912109375,0.018375126644968987,0.9566635489463806,4.858116149902344
1348.3092041015625,61.504676818847656,3941.96044921875,0.010815761983394623,1.0485364198684692,4.8585205078125
1348.14013671875,61.54511642456055,3939.97119140625,0.0057975356467068195,1.4694809913635254,4.8587646484375
1348.0543212890625,61.57124328613281,3938.962646484375,0.004335474222898483,1.7575783729553223,4.858833312988281
1347.9681396484375,61.60053253173828,3937.946044921875,0.0029963324777781963,2.0016074180603027,4.8588714599609375
1347.880859375,61.633460998535156,3936.92236328125,0.0020467231515794992,2.0383126735687256,4.85894775390625
1347.793212890625,61.66829299926758,3935.890625,0.0017955880612134933,1.971267580986023,4.858970642089844
1347.704833984375,61.70383071899414,3934.8505859375,0.0007725459290668368,1.8768061399459839,4.859062194824219
1347.6156005859375,61.73779296875,3933.80126953125,0.0006944643100723624,1.809740424156189,4.8590545654296875
1347.5257568359375,61.77066421508789,3932.742919921875,0.0003800544945988804,1.7566698789596558,4.859161376953125
1347.4349365234375,61.802913665771484,3931.67626953125,0.0004960484802722931,1.7041730880737305,4.859230041503906
1347.343505859375,61.83345031738281,3930.6005859375,0.0002232452534371987,1.6284399032592773,4.859245300292969
1347.1585693359375,61.89200973510742,3928.423583984375,-6.106493674451485e-05,1.4710519313812256,4.859367370605469
1347.0648193359375,61.91920852661133,3927.32177734375,0.0002221563772764057,1.4231586456298828,4.859428405761719
1346.9703369140625,61.94586944580078,3926.211181640625,-0.00015260311192832887,1.382703423500061,4.859474182128906
1346.8751220703125,61.97211837768555,3925.091064453125,-6.106210639700294e-05,1.36356520652771,4.859519958496094
1346.5850830078125,62.05049514770508,3921.679931640625,-0.00024414260406047106,1.3729430437088013,4.85968017578125
1346.487060546875,62.077152252197266,3920.525146484375,-0.00021366513101384044,1.3764811754226685,4.859710693359375
1346.2884521484375,62.13137435913086,3918.1904296875,-3.058465517824516e-05,1.381453514099121,4.859870910644531
1346.0870361328125,62.186683654785156,3915.821533203125,-6.11160066910088e-05,1.3840489387512207,4.85992431640625
1345.8828125,62.24292755126953,3913.41845703125,-0.00027467525796964765,1.3857154846191406,4.860008239746094
1345.779541015625,62.271385192871094,3912.204345703125,2.167084858228918e-05,1.3861868381500244,4.860069274902344
1345.675537109375,62.30005645751953,3910.981201171875,-0.00042722534271888435,1.3864258527755737,4.860137939453125
1345.359375,62.38732147216797,3907.261474609375,-0.00021366607688833028,1.3868697881698608,4.860237121582031
1345.25244140625,62.41682052612305,3906.0048828125,-0.0003052601241506636,1.3867400884628296,4.8603668212890625
1345.144775390625,62.44651412963867,3904.7392578125,-0.00036626943619921803,1.3869380950927734,4.860389709472656
1345.0364990234375,62.47640609741211,3903.4658203125,-0.00036626943619921803,1.3869380950927734,4.860389709472656
1344.8177490234375,62.53678894042969,3900.89306640625,-0.0002746220270637423,1.387006402015686,4.86053466796875
1344.59619140625,62.597957611083984,3898.287353515625,-0.0003967474040109664,1.3867741823196411,4.860603332519531
1344.484375,62.62882995605469,3896.9716796875,-0.0003967474040109664,1.3867741823196411,4.860603332519531
1344.258544921875,62.69116973876953,3894.316162109375,-0.0004882346256636083,1.386487364768982,4.86077880859375
1344.02978515625,62.75429916381836,3891.627197265625,-0.00030531344236806035,1.386487364768982,4.860870361328125
1343.914306640625,62.78614044189453,3890.2705078125,-0.00021377277153078467,1.3863575458526611,4.860931396484375
1343.7982177734375,62.81818389892578,3888.905029296875,-0.00021377277153078467,1.3863575458526611,4.860931396484375
1343.6815185546875,62.85042190551758,3887.531494140625,-9.159402543446049e-05,1.3861868381500244,4.86102294921875
1343.5640869140625,62.882850646972656,3886.150146484375,-0.0005491905030794442,1.3861595392227173,4.861045837402344
1343.4459228515625,62.91522216796875,3884.7607421875,-0.0004577538638841361,1.3719322681427002,4.861114501953125
1343.3270263671875,62.94738006591797,3883.36279296875,-0.0002137153351213783,1.3405406475067139,4.861183166503906
1342.9664306640625,63.042396545410156,3879.12060546875,-0.00018318240472581238,1.3111913204193115,4.861328125
1342.8446044921875,63.07403564453125,3877.689208984375,-0.0002746667596511543,1.3104195594787598,4.86138916015625
1342.7222900390625,63.10508346557617,3876.25048828125,-0.00039683477370999753,1.2657091617584229,4.861457824707031
1342.5992431640625,63.13566207885742,3874.80419921875,-0.0001525920524727553,1.1984864473342896,4.86151123046875
1342.35107421875,63.19407653808594,3871.88671875,-0.0004272953374311328,1.165414571762085,4.861640930175781
1342.2259521484375,63.22288513183594,3870.414794921875,-0.0003052341053262353,1.167716383934021,4.861701965332031
1342.10009765625,63.25162887573242,3868.935302734375,-0.00021359363745432347,1.1565831899642944,4.8617401123046875
1341.8465576171875,63.30780029296875,3865.953125,-0.0005188116920180619,1.0723942518234253,4.861885070800781
1341.7193603515625,63.334041595458984,3864.45263671875,-0.0565185584127903,1.009249210357666,4.8622589111328125
1341.5926513671875,63.35883712768555,3862.954345703125,-0.161895751953125,0.9076159596443176,4.863334655761719
1341.466796875,63.37968063354492,3861.46435546875,-0.369598388671875,0.7120471596717834,4.864959716796875
1341.341796875,63.39783477783203,3859.986083984375,-0.574798583984375,0.558108389377594,4.86956787109375
1341.0914306640625,63.43946075439453,3857.07177734375,-0.5537415146827698,1.1795531511306763,4.891105651855469
1340.9676513671875,63.46698760986328,3855.645751953125,-0.3717040419578552,1.09658682346344,4.89215087890625
1340.845703125,63.49360275268555,3854.239501953125,-0.16845695674419403,0.9201357364654541,4.889640808105469
1340.72607421875,63.51789855957031,3852.853271484375,-0.006225555203855038,0.7855263352394104,4.88409423828125
1340.609130859375,63.539100646972656,3851.48681640625,0.027192583307623863,0.7441422343254089,4.8793487548828125
1340.494140625,63.55850601196289,3850.140625,0.028328420594334602,0.7164526581764221,4.876121520996094
1340.3812255859375,63.57582473754883,3848.8154296875,0.023175371810793877,0.6288145184516907,4.873756408691406
1340.269775390625,63.591922760009766,3847.511474609375,0.017783552408218384,0.5284038782119751,4.872001647949219
1340.160400390625,63.60519790649414,3846.22705078125,0.013409211300313473,0.4445018470287323,4.870635986328125
1340.052490234375,63.61468505859375,3844.9638671875,0.009885286912322044,0.26959437131881714,4.8696136474609375
1339.946533203125,63.62227249145508,3843.72119140625,0.0073507847264409065,0.08121777325868607,4.868843078613281
1339.8421630859375,63.62562942504883,3842.4970703125,0.005615578964352608,-0.025025811046361923,4.868110656738281
1339.7393798828125,63.624637603759766,3841.29248046875,0.004272146616131067,-0.19021393358707428,4.867515563964844
1339.638427734375,63.6219367980957,3840.107421875,0.0030493028461933136,-0.3706948459148407,4.867027282714844
1339.5390625,63.61598587036133,3838.9404296875,0.0023406436666846275,-0.463838130235672,4.866569519042969
1339.441162109375,63.60593032836914,3837.792724609375,0.0016341612208634615,-0.6078799962997437,4.866203308105469
1339.3450927734375,63.594261169433594,3836.6630859375,0.00126057886518538,-0.7756908535957336,4.865875244140625
1339.250244140625,63.58094024658203,3835.55126953125,0.0008300994522869587,-0.8809167742729187,4.865570068359375
1339.0654296875,63.547054290771484,3833.379638671875,0.0004390683025121689,-1.0126984119415283,4.865089416503906
1338.97509765625,63.529598236083984,3832.319580078125,0.0005177435232326388,-1.068111777305603,4.8648681640625
1338.7987060546875,63.49513626098633,3830.248779296875,0.0004533093888312578,-0.9498879909515381,4.864479064941406
1338.7127685546875,63.47897720336914,3829.238037109375,0.00023644349130336195,-0.8855886459350586,4.864326477050781
1338.462890625,63.439109802246094,3826.302734375,9.568448149366304e-05,-0.7625154256820679,4.86395263671875
1338.3031005859375,63.41943359375,3824.422607421875,5.096163658890873e-05,-0.510836660861969,4.863807678222656
1338.1485595703125,63.405799865722656,3822.60498046875,0.00012186657841084525,-0.44860678911209106,4.863609313964844
1337.998779296875,63.395755767822266,3820.84619140625,-3.0509818316204473e-05,-0.40242788195610046,4.863471984863281
1337.8538818359375,63.38753128051758,3819.1435546875,-0.00012206457176944241,-0.29537835717201233,4.86334228515625
1337.7138671875,63.381351470947266,3817.497314453125,-0.00012207761756144464,-0.2677024304866791,4.863212585449219
1337.578369140625,63.37615966796875,3815.905029296875,-0.00012206433893879876,-0.27340564131736755,4.863121032714844
1337.447265625,63.370906829833984,3814.3642578125,-0.00018310990708414465,-0.2773398160934448,4.863006591796875
1337.320556640625,63.36557388305664,3812.874267578125,3.4711643820628524e-05,-0.2788082957267761,4.862892150878906
1337.197998046875,63.36025619506836,3811.433349609375,-6.103219493525103e-05,-0.2789585590362549,4.862846374511719
1337.0792236328125,63.35502624511719,3810.03955078125,-6.103218765929341e-05,-0.2779545187950134,4.862724304199219
1336.96435546875,63.34992599487305,3808.69140625,0.0001173552154796198,-0.27661582827568054,4.862648010253906
1336.8533935546875,63.344970703125,3807.387939453125,7.872149581089616e-05,-0.27517464756965637,4.862556457519531
1336.69384765625,63.337825775146484,3805.5126953125,-3.0522751330863684e-05,-0.2727362811565399,4.862464904785156
1336.592041015625,63.333255767822266,3804.314208984375,-3.052274769288488e-05,-0.27111750841140747,4.86224365234375
1336.39794921875,63.324554443359375,3802.03466796875,-0.0001525870175100863,-0.2674838602542877,4.855537414550781
1336.2606201171875,63.31839370727539,3800.420654296875,-1.334035548694601e-08,-0.2647995948791504,4.870429992675781
1336.1727294921875,63.314453125,3799.387939453125,1.6435315046692267e-05,-0.26324230432510376,4.8709259033203125
1336.0877685546875,63.310638427734375,3798.3896484375,3.12297634081915e-05,-0.26160305738449097,4.871490478515625
1335.9259033203125,63.303367614746094,3796.486572265625,5.2067378419451416e-05,-0.25809234380722046,4.8727264404296875
1335.81103515625,63.2982292175293,3795.138427734375,0.00011682141484925523,-0.2570131719112396,4.851776123046875
1335.7025146484375,63.2933464050293,3793.8583984375,0.000217741122469306,-0.25625503063201904,4.87420654296875
1335.5989990234375,63.288719177246094,3792.64404296875,3.175001984345727e-05,-0.2552441656589508,4.8504486083984375
1335.501220703125,63.28432846069336,3791.492919921875,0.0002265323855681345,-0.253878116607666,4.875679016113281
1335.378662109375,63.278831481933594,3790.0537109375,9.06076020328328e-05,-0.25219789147377014,4.87640380859375
1335.26513671875,63.273738861083984,3788.718017578125,0.0001826159277698025,-0.2506406009197235,4.877143859863281
1335.1346435546875,63.26789093017578,3787.1865234375,6.187248800415546e-05,-0.24881011247634888,4.847831726074219
1335.039306640625,63.26361846923828,3786.066162109375,7.287826156243682e-05,-0.247129887342453,4.847038269042969
1334.951416015625,63.2596549987793,3785.030517578125,7.698706758674234e-05,-0.2448759227991104,4.8465576171875
1334.8468017578125,63.25462341308594,3783.802001953125,0.00041944641270674765,-0.23245181143283844,4.8795166015625
1334.7469482421875,63.250244140625,3782.630615234375,0.00025370618095621467,-0.22997929155826569,4.879486083984375
1334.6512451171875,63.2459602355957,3781.508056640625,0.00022152932069730014,-0.22701498866081238,4.880348205566406
1334.5574951171875,63.24178695678711,3780.415771484375,0.0003651977749541402,-0.22351109981536865,4.878440856933594
1334.4654541015625,63.23771286010742,3779.34423828125,0.0002028995077125728,-0.22415313124656677,4.8810882568359375
1334.3629150390625,63.23318862915039,3778.14404296875,0.00017455811030231416,-0.23257476091384888,4.881523132324219
1334.270263671875,63.22906494140625,3777.0595703125,0.00019218068337067962,-0.23342853784561157,4.88214111328125
1334.173095703125,63.224700927734375,3775.919677734375,0.0001254123344551772,-0.2300749123096466,4.8765869140625
1334.0711669921875,63.22011947631836,3774.725830078125,0.000167687758221291,-0.22488395869731903,4.876335144042969
1333.9849853515625,63.21554183959961,3773.727294921875,-0.0011901854304596782,-0.2540283799171448,4.882904052734375
1333.898681640625,63.20965576171875,3772.727294921875,0.0002475852088537067,-0.3335864245891571,4.876502990722656
1333.7965087890625,63.20120620727539,3771.53076171875,0.00042647571535781026,-0.49292105436325073,4.876747131347656
1333.6993408203125,63.18991470336914,3770.388671875,0.00049407291226089,-0.6467300653457642,4.882209777832031
1333.6070556640625,63.17934799194336,3769.3076171875,0.00026271434035152197,-0.6867071986198425,4.881591796875
1333.50439453125,63.16496276855469,3768.10546875,0.0005339058116078377,-0.6122103333473206,4.88067626953125
1333.40966796875,63.152313232421875,3766.994384765625,0.0003813893999904394,-0.5781823396682739,4.879829406738281
1333.3048095703125,63.1397705078125,3765.76953125,0.00037890742532908916,-0.5693303942680359,4.879371643066406
1333.2171630859375,63.13615417480469,3764.75439453125,-3.052278043469414e-05,-0.2830840051174164,4.880104064941406
1333.1273193359375,63.13911437988281,3763.702392578125,-0.0010376032441854477,0.30720141530036926,4.881935119628906
1333.0035400390625,63.14868927001953,3762.25439453125,-0.00012216427421662956,1.0697168111801147,4.85797119140625
1332.89501953125,63.17163848876953,3760.9755859375,7.589891174575314e-05,1.3082338571548462,4.859870910644531
1332.8074951171875,63.19275665283203,3759.94091796875,-0.0004881453642155975,1.1999343633651733,4.854759216308594
1332.7138671875,63.21571731567383,3758.836669921875,-0.00073237344622612,1.1820597648620605,4.855155944824219
1332.613525390625,63.238285064697266,3757.65673828125,0.003327453276142478,0.9502363801002502,4.856292724609375
1332.4683837890625,63.26398468017578,3755.949951171875,0.002186716767027974,0.7799255847930908,4.8568115234375
1332.3504638671875,63.2799072265625,3754.5615234375,0.0012920810841023922,0.6434652805328369,4.85699462890625
1332.224365234375,63.29306411743164,3753.076171875,0.00012238645285833627,0.4236219823360443,4.856925964355469
1332.13525390625,63.29991912841797,3752.030029296875,1.3340465621070052e-08,0.3527519404888153,4.85699462890625
1332.0426025390625,63.3021125793457,3750.93896484375,0.0002855474886018783,0.07311717420816422,4.857208251953125
1331.9459228515625,63.3041877746582,3749.8017578125,0.0020292236004024744,0.034984227269887924,4.8577880859375
1331.845947265625,63.30315399169922,3748.623779296875,0.0003942629846278578,-0.32565656304359436,4.85791015625
1331.7421875,63.282562255859375,3747.404052734375,-0.0009460051078349352,-0.7327290177345276,4.8575439453125
1331.6351318359375,63.26704788208008,3746.14453125,-0.00070186797529459,-1.4545570611953735,4.857231140136719
1331.5240478515625,63.24279022216797,3744.836181640625,-0.0003052838146686554,-1.1335108280181885,4.857139587402344
1331.350341796875,63.22077560424805,3742.79248046875,-0.0006408728659152985,0.305391401052475,4.857185363769531
1331.2305908203125,63.23100280761719,3741.381591796875,-0.0015563840279355645,1.1769440174102783,4.8572845458984375
1331.107666015625,63.26747512817383,3739.9345703125,-0.0008848421275615692,2.013075113296509,4.857383728027344
1330.9818115234375,63.3193244934082,3738.453369140625,-0.0012816900853067636,2.523679733276367,4.8574371337890625
1330.8533935546875,63.374237060546875,3736.94140625,-0.0006103220512159169,2.094006061553955,4.857330322265625
1330.7218017578125,63.43968963623047,3735.391357421875,-0.00015259988140314817,2.0172007083892822,4.85736083984375
1330.586669921875,63.49352264404297,3733.802001953125,0.0007011927664279938,2.2998270988464355,4.8574066162109375
1330.448974609375,63.55116653442383,3732.180908203125,-0.005493263714015484,1.9163665771484375,4.857658386230469
1330.3079833984375,63.6098747253418,3730.520751953125,0.0005254665738902986,1.9006844758987427,4.85791015625
1330.16357421875,63.67538070678711,3728.821044921875,-0.004760704468935728,2.6467459201812744,4.85791015625
1330.016357421875,63.75185012817383,3727.08984375,-0.000396668299799785,2.9266607761383057,4.857978820800781
1329.86669921875,63.83747482299805,3725.32763671875,-0.0007934970199130476,2.69095778465271,4.8580169677734375
1329.7137451171875,63.92108917236328,3723.529541015625,-0.0009156283340416849,2.5639641284942627,4.858100891113281
1329.5579833984375,64.00225830078125,3721.695556640625,-0.0008239621529355645,2.552776336669922,4.858146667480469
1329.399169921875,64.08417510986328,3719.826904296875,-0.0005188619252294302,2.552065849304199,4.858268737792969
1329.2376708984375,64.16751098632812,3717.923583984375,-0.0007935143657959998,2.549654722213745,4.858367919921875
1328.9893798828125,64.29277801513672,3715.005126953125,-0.0002441858232486993,2.4324419498443604,4.8584442138671875
1328.820068359375,64.3758544921875,3713.015869140625,-0.0004272660880815238,2.4143283367156982,4.858573913574219
1328.7344970703125,64.41670227050781,3712.00830078125,-3.054845001315698e-05,2.3659160137176514,4.858612060546875
1328.648193359375,64.45692443847656,3710.9931640625,0.0,2.2810781002044678,4.858642578125
1328.56103515625,64.49713134765625,3709.96875,-0.0005799219943583012,2.1889662742614746,4.85870361328125
1328.3846435546875,64.57488250732422,3707.89306640625,-0.0004274005477782339,2.1479098796844482,4.858795166015625
1328.2952880859375,64.6130142211914,3706.842041015625,-0.00045772420708090067,2.125814199447632,4.85882568359375
1328.205322265625,64.65096282958984,3705.782958984375,-0.0004271698126103729,2.085700511932373,4.858863830566406
1328.1146240234375,64.6890640258789,3704.71533203125,-0.0004272650694474578,2.042895793914795,4.85894775390625
1328.0230712890625,64.72679901123047,3703.638671875,-0.00024411889899056405,2.029296875,4.859001159667969
1327.930908203125,64.76445770263672,3702.5537109375,-0.0005187797360122204,2.030574083328247,4.859031677246094
1327.744140625,64.84060668945312,3700.358154296875,-0.0007019258919171989,2.038449287414551,4.859161376953125
1327.6497802734375,64.87923431396484,3699.2470703125,-0.0004578063962981105,2.041160821914673,4.859230041503906
1327.5546875,64.91824340820312,3698.12841796875,-0.00027466288884170353,2.043558359146118,4.8592529296875
1327.458740234375,64.95732116699219,3697.00048828125,-0.0005798622732982039,2.0286481380462646,4.859283447265625
1327.3626708984375,64.99636840820312,3695.8681640625,-0.0002746553218457848,1.9988752603530884,4.859352111816406
1327.2664794921875,65.0352554321289,3694.736572265625,-0.0003662706876639277,1.9644510746002197,4.859375
1327.1707763671875,65.07347869873047,3693.61083984375,-0.00027464627055451274,1.9439195394515991,4.859375
1327.075927734375,65.11116027832031,3692.495849609375,3.118039603577927e-05,1.928367257118225,4.859344482421875
1326.8896484375,65.18507385253906,3690.305908203125,-0.00045755464816465974,1.9023168087005615,4.859275817871094
1326.708740234375,65.25547790527344,3688.1787109375,-0.0003357000823598355,1.8077597618103027,4.8591156005859375
1326.6204833984375,65.28932189941406,3687.139404296875,-0.0005492850905284286,1.7470120191574097,4.8590545654296875
1326.533447265625,65.32185363769531,3686.1162109375,-0.0007630300242453814,1.719090223312378,4.8590240478515625
1326.44775390625,65.35330200195312,3685.10986328125,-0.00045761343790218234,1.711836576461792,4.858909606933594
1326.2808837890625,65.414306640625,3683.146484375,-0.00027477071853354573,1.710552453994751,4.858772277832031
1326.11962890625,65.4731216430664,3681.2490234375,-0.0005493775242939591,1.6971789598464966,4.858573913574219
1325.9637451171875,65.52932739257812,3679.4150390625,-0.0005187230999581516,1.6525505781173706,4.8584442138671875
1325.81298828125,65.58287811279297,3677.643310546875,0.00020253387629054487,1.638514518737793,4.858268737792969
1325.6673583984375,65.6341323852539,3675.93212890625,-0.00033572432585060596,1.6424554586410522,4.858154296875
1325.52685546875,65.68379974365234,3674.279052734375,-0.0003052976098842919,1.6521953344345093,4.8580322265625
1325.324951171875,65.75904083251953,3671.904541015625,-0.00015269001596607268,1.8312009572982788,4.857887268066406
1325.1964111328125,65.80928802490234,3670.390869140625,-0.00036614862619899213,1.893485426902771,4.857757568359375
1325.072265625,65.85942077636719,3668.929931640625,-0.0005492735654115677,1.8845857381820679,4.857658386230469
1324.894287109375,65.92758178710938,3666.8349609375,-0.0013732515508309007,1.6895291805267334,4.857627868652344
1324.7254638671875,65.98844909667969,3664.849609375,-0.00030522042652592063,1.4890563488006592,4.857856750488281
1324.6177978515625,66.0182113647461,3663.583251953125,-0.000640863727312535,1.2805101871490479,4.858024597167969
1324.463134765625,66.06269073486328,3661.764404296875,-0.0008240175084210932,1.1954469680786133,4.858329772949219
1324.364013671875,66.08843994140625,3660.6005859375,-0.000488230783957988,1.367745280265808,4.85791015625
1324.268310546875,66.11650085449219,3659.473876953125,-0.0013121841475367546,1.6146907806396484,4.8580780029296875
1324.175537109375,66.1534194946289,3658.38330078125,-0.00027485823375172913,1.9341591596603394,4.858062744140625
1324.0855712890625,66.19854736328125,3657.325439453125,0.000557765131816268,2.5930471420288086,4.8580169677734375
1323.95654296875,66.26222229003906,3655.8046875,1.495850028732093e-06,2.768726348876953,4.857856750488281
1323.8331298828125,66.31493377685547,3654.356689453125,0.00015411096683237702,1.5746248960494995,4.857810974121094
1323.67578125,66.36650848388672,3652.505615234375,-0.0003357253153808415,0.7935859560966492,4.857765197753906
1323.4884033203125,66.39665985107422,3650.300537109375,-0.00018307383288629353,0.834751546382904,4.857658386230469
1323.380615234375,66.41255950927734,3649.032470703125,-0.00030522028100676835,0.701911211013794,4.8576202392578125
1323.275390625,66.42321014404297,3647.795654296875,0.0021724344696849585,0.32112133502960205,4.8576202392578125
1323.172607421875,66.42774963378906,3646.583740234375,0.0008103041327558458,-0.0143160754814744,4.85748291015625
1323.0711669921875,66.4300308227539,3645.390625,-0.0029907305724918842,-0.13497819006443024,4.8574371337890625
1322.938232421875,66.44402313232422,3643.82080078125,0.001720396801829338,0.6064251661300659,4.857368469238281
1322.8394775390625,66.44850158691406,3642.65576171875,-0.00210569123737514,1.1058143377304077,4.857231140136719
1322.7410888671875,66.48409271240234,3641.506591796875,-0.00012206222891109064,1.181868553161621,4.85699462890625
1322.6424560546875,66.50078582763672,3640.353759765625,-0.00015265567344613373,1.3702178001403809,4.85693359375
1322.5443115234375,66.51905822753906,3639.202392578125,-0.00027468547341413796,0.9427846074104309,4.85693359375
1322.4461669921875,66.54151153564453,3638.04296875,-0.001007068669423461,0.43725502490997314,4.857048034667969
1322.3121337890625,66.55357360839844,3636.466552734375,-0.0003051903913728893,0.36954736709594727,4.85699462890625
1322.20947265625,66.56069946289062,3635.26025390625,-0.00036622220068238676,0.3468301594257355,4.8570556640625
1322.1048583984375,66.56730651855469,3634.02685546875,-6.1032449593767524e-05,0.32413342595100403,4.857048034667969
1321.9605712890625,66.57929229736328,3632.329345703125,2.5827383069554344e-05,0.4312034845352173,4.857109069824219
1321.848876953125,66.58897399902344,3631.0126953125,-0.00018311658641323447,0.5628280639648438,4.857177734375
1321.7332763671875,66.60133361816406,3629.6533203125,-6.107478839112446e-05,0.5955787897109985,4.8572235107421875
1321.6138916015625,66.61759948730469,3628.244873046875,-0.0001525965053588152,0.6927518844604492,4.857292175292969
1321.4471435546875,66.64183807373047,3626.282958984375,-0.0002136280236300081,0.8686770796775818,4.85736083984375
1321.3604736328125,66.65641784667969,3625.263427734375,-0.00036620470928028226,0.8732396364212036,4.857391357421875
1321.271240234375,66.67186737060547,3624.21484375,-0.0001220769336214289,0.8673861622810364,4.857444763183594
1321.1796875,66.68765258789062,3623.13525390625,-0.00015257603081408888,0.8646131157875061,4.85748291015625
1321.0850830078125,66.7037582397461,3622.023681640625,-6.105175270931795e-05,0.8640598654747009,4.857490539550781
1320.93798828125,66.72872924804688,3620.290771484375,9.232478987541981e-06,0.8651253581047058,4.85760498046875
1320.8359375,66.7459716796875,3619.090576171875,-0.00024412710627075285,0.8661362528800964,4.857666015625
1320.730712890625,66.76358032226562,3617.85302734375,-3.0472474463749677e-05,0.8595656156539917,4.85772705078125
1320.6224365234375,66.78163146972656,3616.577392578125,-0.00012212975707370788,0.8505565524101257,4.857795715332031
1320.5107421875,66.80013275146484,3615.263427734375,0.0,0.8457003235816956,4.85784912109375
1320.3370361328125,66.82859802246094,3613.219970703125,-0.00012212962610647082,0.8463082313537598,4.85797119140625
1320.2171630859375,66.84786987304688,3611.8095703125,-0.0002440980024402961,0.8278257250785828,4.858001708984375
1320.0938720703125,66.86750793457031,3610.360595703125,-0.00015257371705956757,0.8048011660575867,4.858055114746094
1319.967529296875,66.88721466064453,3608.873291015625,-0.00018315228226128966,0.7998697757720947,4.858154296875
1319.83935546875,66.9070816040039,3607.3623046875,-3.049860788451042e-05,0.7877734899520874,4.858184814453125
1319.712158203125,66.92646026611328,3605.865478515625,-6.102323095547035e-05,0.7410345077514648,4.858154296875
1319.588134765625,66.94520568847656,3604.404541015625,2.927057539636735e-05,0.6946165561676025,4.858116149902344
1319.467529296875,66.96292877197266,3602.986083984375,-0.00027472071815282106,0.6750685572624207,4.858070373535156
1319.3505859375,66.97988891601562,3601.61279296875,-0.00012212450383231044,0.663484513759613,4.857978820800781
1319.23779296875,66.99593353271484,3600.28564453125,5.998133565299213e-05,0.6394013166427612,4.85791015625
1319.128662109375,67.01131439208984,3599.00244140625,-0.0002441400138195604,0.6163493990898132,4.857810974121094
1318.97216796875,67.0328369140625,3597.158935546875,-0.0002441397518850863,0.610837459564209,4.857757568359375
1318.8721923828125,67.04644775390625,3595.981689453125,6.635799945797771e-05,0.6118756532669067,4.858024597167969
1318.775390625,67.05946350097656,3594.84521484375,-0.00015262055967468768,0.6057899594306946,4.86248779296875
1318.682373046875,67.0719985961914,3593.746826171875,-0.00018311776511836797,0.599014401435852,4.86541748046875
1318.5921630859375,67.08406066894531,3592.6845703125,-0.0003357378882355988,0.5949913859367371,4.865165710449219
1318.5050048828125,67.09558868408203,3591.658935546875,-0.0001831176778068766,0.5965486764907837,4.865577697753906
1318.379638671875,67.11212921142578,3590.185546875,-0.00015256702317856252,0.5992261171340942,4.847312927246094
1318.2611083984375,67.12783813476562,3588.78857421875,3.167141039739363e-05,0.6013639569282532,4.866912841796875
1318.1484375,67.14274597167969,3587.4658203125,0.00012679240899160504,0.6031603217124939,4.845512390136719
1318.0421142578125,67.1568374633789,3586.21435546875,-6.102153201936744e-05,0.6047244071960449,4.8682861328125
1317.94140625,67.1701889038086,3585.0283203125,0.00019469794642645866,0.6060767769813538,4.843841552734375
1317.84619140625,67.18279266357422,3583.90869140625,-9.154568397207186e-05,0.607627272605896,4.869529724121094
1317.75634765625,67.1947021484375,3582.851806640625,0.00011825432738987729,0.6090205907821655,4.8421630859375
1317.64453125,67.20951843261719,3581.537109375,0.00014141428982838988,0.6108511090278625,4.841438293457031
1317.54150390625,67.2231674194336,3580.3251953125,0.00017423312237951905,0.6123742461204529,4.8411712646484375
1317.447021484375,67.2357177734375,3579.2109375,7.65772165323142e-06,0.6137812733650208,4.840606689453125
1317.3602294921875,67.2470703125,3578.187744140625,-0.00021361587278079242,0.6171075701713562,4.8736572265625
1317.25830078125,67.26041412353516,3576.99169921875,8.53824349178467e-06,0.6243407130241394,4.8743896484375
1317.220947265625,67.27278900146484,3575.896240234375,-0.0328674279153347,0.6234869360923767,2.9302215576171875
1317.24169921875,67.28606414794922,3574.708740234375,0.016475364565849304,0.6235962510108948,0.40393829345703125
1317.271240234375,67.29790496826172,3573.646728515625,0.08096873015165329,0.6250578761100769,-0.5798416137695312
1317.2823486328125,67.3101806640625,3572.5478515625,0.06438995152711868,0.6268747448921204,-0.57501220703125
1317.2947998046875,67.32223510742188,3571.46875,0.061673443764448166,0.628035843372345,-0.5730819702148438
1317.3062744140625,67.33392333984375,3570.4208984375,0.06172460317611694,0.6338551640510559,-0.580535888671875
1317.3140869140625,67.34581756591797,3569.354248046875,0.06191617622971535,0.6400569677352905,-0.5800704956054688
1317.343505859375,67.35781860351562,3568.2763671875,0.04330947995185852,0.6446741819381714,-1.393463134765625
1317.447265625,67.36984252929688,3567.200439453125,0.08885044604539871,0.6281315088272095,-3.7661361694335938
1317.6646728515625,67.38139343261719,3566.14892578125,0.13709299266338348,0.6196210384368896,-8.292457580566406
1317.8699951171875,67.39250946044922,3565.13623046875,0.16662661731243134,0.617572009563446,-9.713584899902344
1318.1351318359375,67.40362548828125,3564.11865234375,0.1925409734249115,0.6139998435974121,-12.601646423339844
1318.551025390625,67.41390991210938,3563.1572265625,0.28996598720550537,0.6034403443336487,-18.404319763183594
1318.8868408203125,67.4248046875,3562.153076171875,0.25747227668762207,0.6097104549407959,-18.4049072265625
1319.24267578125,67.43611907958984,3561.108642578125,0.26176875829696655,0.6137471199035645,-18.62566375732422
1319.6573486328125,67.4494400024414,3559.881103515625,0.2591308653354645,0.617332935333252,-18.634735107421875
1320.04296875,67.46183776855469,3558.739013671875,0.2590363025665283,0.6212876439094543,-18.635841369628906
1320.4609375,67.4736557006836,3557.640869140625,0.19985714554786682,0.6121215224266052,-20.26453399658203
1320.8773193359375,67.49051666259766,3556.69775390625,-0.6456297039985657,0.9043989777565002,-22.38170623779297
1321.47509765625,67.52799987792969,3555.46435546875,-3.1585395336151123,1.894134283065796,-25.00122833251953
1322.0731201171875,67.57310485839844,3554.388916015625,-3.1533210277557373,3.0600883960723877,-28.37350845336914
1323.0413818359375,67.6525650024414,3553.02001953125,-2.795410394668579,3.0203983783721924,-35.02143859863281
1323.89306640625,67.71229553222656,3552.025146484375,-2.14825439453125,1.470724105834961,-40.548095703125
1324.784912109375,67.75211334228516,3551.191162109375,-0.7644957900047302,0.8499828577041626,-46.25382995605469
1325.7210693359375,67.79584503173828,3550.6318359375,2.2126433849334717,1.9247335195541382,-52.55638122558594
1326.6708984375,67.79927825927734,3550.29296875,0.9493767023086548,1.948564052581787,-63.75758743286133
1327.806640625,67.81885528564453,3550.26953125,-0.21182246506214142,1.8390624523162842,-80.26671123504639
1329.0250244140625,67.85333251953125,3550.549072265625,0.08357217907905579,2.069308042526245,-97.14237260818481
1329.939697265625,67.88377380371094,3551.0146484375,0.5170757174491882,2.1831469535827637,-110.76013565063477
1330.775390625,67.91397094726562,3551.71923828125,1.06221342086792,2.0429368019104004,-125.17291259765625
1331.4537353515625,67.94025421142578,3552.656494140625,1.57265043258667,1.5808335542678833,-140.2457275390625
1331.8958740234375,67.95660400390625,3553.7939453125,1.8955931663513184,0.8980810046195984,-155.9706039428711
